6900000000
6817906764
6818636632
6621446277
661608218133
6519627124
651916521428
641602418180
6409573529
6427695178
641600817867
641637618707
642229526022
6314413528
6229965083
6221623821
6215672429
6115872976
611788120277
6033146854
7600000000
741674520758
721689520974
721674420833
7054989722
701679220679
691680520776
68681610934
67843511273
66826211407
66839411290
6626747792
651718521126
65782412480
651676420511
651745821141
641722820752
641726421361
631715421187
621777921743
6900000000
6802581749
651578117881
6412323496
641532118225
641621919592
611638719506
6117786936
6014033101
603203434992
602394627357
5935726155
592356327442
583059133363
583250535171
581937022089
5827155666
582948232581
572379327152
5718013283
6200000000
6116102439
602998032714
593307236778
592998433270
592411425735
583090934479
582414025807
571771319953
572453726881
572548327591
561770020065
561755120151
562993333269
563219636004
552407426012
553111334991
553173835657
543430036385
542409526766
7600000000
7310553093
711743721165
701832822012
7027027478
701829521699
692887932078
6959949755
66709510869
652204225061
652700530175
64715310564
64738310853
642219625439
642170024886
64841411489
632102123052
632257125817
632190325255
632343225974
7200000000
7005031823
6817992242
683123836401
6721124185
6721194010
662393127548
653453037096
6317576951
623209736336
621693419085
611821521859
5929784728
593104835493
5924923277
5929434640
583276635730
581502920491
582903732753
8000000000
781574718132
771567918079
771577918115
751588720256
741576818637
741564118029
741550217817
731556417904
711589419671
713345735155
703357635265
682059224781
671578918425
673767440891
672069524930
671584619041
671876823949
673251534364
673860141854
6700000000
651673520790
631541720071
631454817542
633914541715
623930741981
612086623401
611803622608
612177423587
611788822479
602111023593
601926621798
601599520347
592205923863
593356836589
593280535335
581604619627
571765020608
573293035118
571607620358
7300000000
7305251846
711803220646
712111223662
702010122829
6813673285
671648419132
6516483308
642355826764
632295026649
622349026741
622588928817
612921331975
6134625191
6151127826
602371327738
592591529097
591894021751
592055624081
592595528853
7900000000
7908302053
7608423385
741956622844
732013723392
7134885680
6927527581
682043123495
681951722576
6828027710
662099424063
6532875375
63805312165
632220725269
632102123973
62857212045
621081613934
622204825127
622143724124
612242425352
6800000000
6809473386
6609972927
6619033856
663345836541
65836911792
651062013914
641665618813
64807011586
633367636368
612028623208
602458528761
591910522010
593261035502
592750930569
5947406204
572480228347
572050223343
573222635135
7300000000
731839622307
7211903211
711794520678
7019797348
681597720684
6808732282
6634965327
661782121018
661792121209
661584621683
6540585772
651667120460
651741120589
6416992930
631358317042
631609118597
622425628301
622188025020
611502017597
7500000000
6904991799
6717133815
6617543424
642230424547
642413227170
642420827270
6224987802
621887122233
6124316944
6128988172
6130606886
601928422567
5919906794
592508928402
5820892930
582447427579
582491828153
5739015118
572117624376
6600000000
6609113353
6609842906
6622114014
651058413532
643072633695
63789310963
611869121717
611637618857
601898122291
582660629240
572666429114
5730315897
5717126217
572523828927
5718303815
573057732823
5732805930
562574530625
562964132587
7500000000
7206812116
691892121628
681881621505
681855921284
6614412409
662070423741
661998823559
651905222664
642399326304
641981223218
641978123320
641832921868
632218224279
632200124559
622252924552
622530027593
622370525702
621756121080
622742030603
6800000000
662277825308
662339026012
6513223721
652285124923
642341725414
642265725221
6426254409
632348125379
622340626075
622736728888
612286325515
6127004423
612345725356
602497227740
6025137175
6027985478
602363726158
582319825847
5826265315
7600000000
761946322464
741777820909
7229007472
70768611113
702190324897
672160124507
661626718900
65819311323
652145924272
652318125574
641967022912
632371425422
633709638629
622305625486
62890011522
622041223515
622395826795
611924122216
60976513188
7700000000
71872912128
70891712385
692055424183
682017223384
6821307311
671998323316
67873712412
65999313544
642142325418
622124324184
622363126418
622147124599
622365226489
611042113950
602029724573
601115515113
601034214147
591456317898
592353426256
6800000000
6704941891
661900122222
641894721780
631879421902
6313562575
621635320374
621749121313
612680730791
611880721845
601976122107
601818922067
6020204134
6024786440
591843721297
582956333123
58836510182
5832305135
572769531431
562679531064
6900000000
672200325565
662243626215
642340925797
632276426014
632202225842
622318725623
622333426796
6122353757
6017967073
602267924852
602338025710
601241915634
602101924300
591351616639
581180414384
572161523871
572268925639
562092323698
562283526007
6500000000
632038624017
632028322065
622040822501
621695419372
622061422365
621959822586
621805820593
611865720900
612090722438
611733821446
612015923102
612124623178
602068422587
602052122070
602109223603
591915522588
592071522141
582086022388
572062622867
7800000000
7613462996
721815220362
692487826987
6929916178
691686619270
691976622157
6922333292
6817043308
682431526553
6715202742
671804420186
673783441104
672823129641
671964921637
662585628966
662510127033
661915121159
661813020478
652263324465
6900000000
6613563507
641920122850
6420486567
631850921893
6318794229
6315832024
6220313984
6219036310
612749729163
6116316955
611843821615
602411526278
602062923313
602406926299
5934437813
5831205120
5823533990
5718693444
5733275901
6700000000
6511191919
6447076620
6319983894
6242205916
6129668142
6122497336
5930985369
592558528799
582307625331
5826357534
5847997294
572343725395
571942422933
572321025487
5730436326
5629437787
562574028770
5632134217
5522486832
7100000000
7010592133
662296825625
661688020244
652053224926
641685120256
631681220320
621755121034
622398626574
6144177625
611673620130
611659919488
601443217958
602336125960
592483728565
582713031163
582529528632
5818324285
561393517187
561755720895
6700000000
6519963892
631648619248
632650929872
631786219855
622745430692
621801320613
622758630841
6231786855
621834720487
6020593512
602632629673
601642119190
592631929731
591662619277
591619618830
591949321606
591667719274
583416237224
571716019765
7000000000
691728320490
6818326987
671736920632
6610281549
651718220476
6415332529
641483618593
6219453682
6207282074
6115987077
611606618650
601646920079
6026083991
5916183275
582444926749
5719033363
572518828014
572461326880
5620086112
7100000000
701744320995
691718720805
681650020173
661658320093
651668320042
621723120693
622886631710
612883331674
612341226735
6036095893
6018856585
592693828668
581838522128
582654128940
572769929180
5734455885
572679529142
572342526680
572329827180
7500000000
751700522095
741694422047
711815821335
691883922583
681573419212
6814461797
6716796925
661834821222
651672320231
6526527682
6523227692
6509973571
642262225373
632238826600
6326327509
621572319599
621828620788
6123133541
602441426204
7000000000
681833821683
681867821382
6811772438
661831721912
6614242979
6422357588
6411373105
6319393709
631842521382
6221817135
612243425131
6020146768
602282624726
602496227001
592240925068
592187625541
592442427147
592307326078
582170324921
7300000000
7322426380
721644220368
691625520069
691731920731
6709153443
661731621122
651793221151
651891221753
641790521120
64872711806
64876612274
6422976185
621780321547
61869612324
61862612236
591462217488
59890811682
59922012340
59984013434
6900000000
6817906764
6818636632
6621446277
661608218133
6519627124
651916521428
641602418180
6409573529
6427695178
641600817867
641637618707
642229526022
6314413528
6229965083
6221623821
6215672429
6115872976
611788120277
6033146854
7600000000
741674520758
721689520974
721674420833
7054989722
701679220679
691680520776
68681610934
67843511273
66826211407
66839411290
6626747792
651718521126
65782412480
651676420511
651745821141
641722820752
641726421361
631715421187
621777921743
6900000000
6802581749
651578117881
6412323496
641532118225
641621919592
611638719506
6117786936
6014033101
603203434992
602394627357
5935726155
592356327442
583059133363
583250535171
581937022089
5827155666
582948232581
572379327152
5718013283
6200000000
6116102439
602998032714
593307236778
592998433270
592411425735
583090934479
582414025807
571771319953
572453726881
572548327591
561770020065
561755120151
562993333269
563219636004
552407426012
553111334991
553173835657
543430036385
542409526766
7600000000
7310553093
711743721165
701832822012
7027027478
701829521699
692887932078
6959949755
66709510869
652204225061
652700530175
64715310564
64738310853
642219625439
642170024886
64841411489
632102123052
632257125817
632190325255
632343225974
7200000000
7005031823
6817992242
683123836401
6721124185
6721194010
662393127548
653453037096
6317576951
623209736336
621693419085
611821521859
5929784728
593104835493
5924923277
5929434640
583276635730
581502920491
582903732753
8000000000
781574718132
771567918079
771577918115
751588720256
741576818637
741564118029
741550217817
731556417904
711589419671
713345735155
703357635265
682059224781
671578918425
673767440891
672069524930
671584619041
671876823949
673251534364
673860141854
6700000000
651673520790
631541720071
631454817542
633914541715
623930741981
612086623401
611803622608
612177423587
611788822479
602111023593
601926621798
601599520347
592205923863
593356836589
593280535335
581604619627
571765020608
573293035118
571607620358
7300000000
7305251846
711803220646
712111223662
702010122829
6813673285
671648419132
6516483308
642355826764
632295026649
622349026741
622588928817
612921331975
6134625191
6151127826
602371327738
592591529097
591894021751
592055624081
592595528853
7900000000
7908302053
7608423385
741956622844
732013723392
7134885680
6927527581
682043123495
681951722576
6828027710
662099424063
6532875375
63805312165
632220725269
632102123973
62857212045
621081613934
622204825127
622143724124
612242425352
6800000000
6809473386
6609972927
6619033856
663345836541
65836911792
651062013914
641665618813
64807011586
633367636368
612028623208
602458528761
591910522010
593261035502
592750930569
5947406204
572480228347
572050223343
573222635135
7300000000
731839622307
7211903211
711794520678
7019797348
681597720684
6808732282
6634965327
661782121018
661792121209
661584621683
6540585772
651667120460
651741120589
6416992930
631358317042
631609118597
622425628301
622188025020
611502017597
7500000000
6904991799
6717133815
6617543424
642230424547
642413227170
642420827270
6224987802
621887122233
6124316944
6128988172
6130606886
601928422567
5919906794
592508928402
5820892930
582447427579
582491828153
5739015118
572117624376
6600000000
6609113353
6609842906
6622114014
651058413532
643072633695
63789310963
611869121717
611637618857
601898122291
582660629240
572666429114
5730315897
5717126217
572523828927
5718303815
573057732823
5732805930
562574530625
562964132587
7500000000
7206812116
691892121628
681881621505
681855921284
6614412409
662070423741
661998823559
651905222664
642399326304
641981223218
641978123320
641832921868
632218224279
632200124559
622252924552
622530027593
622370525702
621756121080
622742030603
6800000000
662277825308
662339026012
6513223721
652285124923
642341725414
642265725221
6426254409
632348125379
622340626075
622736728888
612286325515
6127004423
612345725356
602497227740
6025137175
6027985478
602363726158
582319825847
5826265315
7600000000
761946322464
741777820909
7229007472
70768611113
702190324897
672160124507
661626718900
65819311323
652145924272
652318125574
641967022912
632371425422
633709638629
622305625486
62890011522
622041223515
622395826795
611924122216
60976513188
7700000000
71872912128
70891712385
692055424183
682017223384
6821307311
671998323316
67873712412
65999313544
642142325418
622124324184
622363126418
622147124599
622365226489
611042113950
602029724573
601115515113
601034214147
591456317898
592353426256
6800000000
6704941891
661900122222
641894721780
631879421902
6313562575
621635320374
621749121313
612680730791
611880721845
601976122107
601818922067
6020204134
6024786440
591843721297
582956333123
58836510182
5832305135
572769531431
562679531064
6900000000
672200325565
662243626215
642340925797
632276426014
632202225842
622318725623
622333426796
6122353757
6017967073
602267924852
602338025710
601241915634
602101924300
591351616639
581180414384
572161523871
572268925639
562092323698
562283526007
6500000000
632038624017
632028322065
622040822501
621695419372
622061422365
621959822586
621805820593
611865720900
612090722438
611733821446
612015923102
612124623178
602068422587
602052122070
602109223603
591915522588
592071522141
582086022388
572062622867
7800000000
7613462996
721815220362
692487826987
6929916178
691686619270
691976622157
6922333292
6817043308
682431526553
6715202742
671804420186
673783441104
672823129641
671964921637
662585628966
662510127033
661915121159
661813020478
652263324465
6900000000
6613563507
641920122850
6420486567
631850921893
6318794229
6315832024
6220313984
6219036310
612749729163
6116316955
611843821615
602411526278
602062923313
602406926299
5934437813
5831205120
5823533990
5718693444
5733275901
6700000000
6511191919
6447076620
6319983894
6242205916
6129668142
6122497336
5930985369
592558528799
582307625331
5826357534
5847997294
572343725395
571942422933
572321025487
5730436326
5629437787
562574028770
5632134217
5522486832
7100000000
7010592133
662296825625
661688020244
652053224926
641685120256
631681220320
621755121034
622398626574
6144177625
611673620130
611659919488
601443217958
602336125960
592483728565
582713031163
582529528632
5818324285
561393517187
561755720895
6700000000
6519963892
631648619248
632650929872
631786219855
622745430692
621801320613
622758630841
6231786855
621834720487
6020593512
602632629673
601642119190
592631929731
591662619277
591619618830
591949321606
591667719274
583416237224
571716019765
7000000000
691728320490
6818326987
671736920632
6610281549
651718220476
6415332529
641483618593
6219453682
6207282074
6115987077
611606618650
601646920079
6026083991
5916183275
582444926749
5719033363
572518828014
572461326880
5620086112
7100000000
701744320995
691718720805
681650020173
661658320093
651668320042
621723120693
622886631710
612883331674
612341226735
6036095893
6018856585
592693828668
581838522128
582654128940
572769929180
5734455885
572679529142
572342526680
572329827180
7500000000
751700522095
741694422047
711815821335
691883922583
681573419212
6814461797
6716796925
661834821222
651672320231
6526527682
6523227692
6509973571
642262225373
632238826600
6326327509
621572319599
621828620788
6123133541
602441426204
7000000000
681833821683
681867821382
6811772438
661831721912
6614242979
6422357588
6411373105
6319393709
631842521382
6221817135
612243425131
6020146768
602282624726
602496227001
592240925068
592187625541
592442427147
592307326078
582170324921
7300000000
7322426380
721644220368
691625520069
691731920731
6709153443
661731621122
651793221151
651891221753
641790521120
64872711806
64876612274
6422976185
621780321547
61869612324
61862612236
591462217488
59890811682
59922012340
59984013434
6900000000
6817906764
6818636632
6621446277
661608218133
6519627124
651916521428
641602418180
6409573529
6427695178
641600817867
641637618707
642229526022
6314413528
6229965083
6221623821
6215672429
6115872976
611788120277
6033146854
7600000000
741674520758
721689520974
721674420833
7054989722
701679220679
691680520776
68681610934
67843511273
66826211407
66839411290
6626747792
651718521126
65782412480
651676420511
651745821141
641722820752
641726421361
631715421187
621777921743
6900000000
6802581749
651578117881
6412323496
641532118225
641621919592
611638719506
6117786936
6014033101
603203434992
602394627357
5935726155
592356327442
583059133363
583250535171
581937022089
5827155666
582948232581
572379327152
5718013283
6200000000
6116102439
602998032714
593307236778
592998433270
592411425735
583090934479
582414025807
571771319953
572453726881
572548327591
561770020065
561755120151
562993333269
563219636004
552407426012
553111334991
553173835657
543430036385
542409526766
7600000000
7310553093
711743721165
701832822012
7027027478
701829521699
692887932078
6959949755
66709510869
652204225061
652700530175
64715310564
64738310853
642219625439
642170024886
64841411489
632102123052
632257125817
632190325255
632343225974
7200000000
7005031823
6817992242
683123836401
6721124185
6721194010
662393127548
653453037096
6317576951
623209736336
621693419085
611821521859
5929784728
593104835493
5924923277
5929434640
583276635730
581502920491
582903732753
8000000000
781574718132
771567918079
771577918115
751588720256
741576818637
741564118029
741550217817
731556417904
711589419671
713345735155
703357635265
682059224781
671578918425
673767440891
672069524930
671584619041
671876823949
673251534364
673860141854
6700000000
651673520790
631541720071
631454817542
633914541715
623930741981
612086623401
611803622608
612177423587
611788822479
602111023593
601926621798
601599520347
592205923863
593356836589
593280535335
581604619627
571765020608
573293035118
571607620358
7300000000
7305251846
711803220646
712111223662
702010122829
6813673285
671648419132
6516483308
642355826764
632295026649
622349026741
622588928817
612921331975
6134625191
6151127826
602371327738
592591529097
591894021751
592055624081
592595528853
7900000000
7908302053
7608423385
741956622844
732013723392
7134885680
6927527581
682043123495
681951722576
6828027710
662099424063
6532875375
63805312165
632220725269
632102123973
62857212045
621081613934
622204825127
622143724124
612242425352
6800000000
6809473386
6609972927
6619033856
663345836541
65836911792
651062013914
641665618813
64807011586
633367636368
612028623208
602458528761
591910522010
593261035502
592750930569
5947406204
572480228347
572050223343
573222635135
7300000000
731839622307
7211903211
711794520678
7019797348
681597720684
6808732282
6634965327
661782121018
661792121209
661584621683
6540585772
651667120460
651741120589
6416992930
631358317042
631609118597
622425628301
622188025020
611502017597
7500000000
6904991799
6717133815
6617543424
642230424547
642413227170
642420827270
6224987802
621887122233
6124316944
6128988172
6130606886
601928422567
5919906794
592508928402
5820892930
582447427579
582491828153
5739015118
572117624376
6600000000
6609113353
6609842906
6622114014
651058413532
643072633695
63789310963
611869121717
611637618857
601898122291
582660629240
572666429114
5730315897
5717126217
572523828927
5718303815
573057732823
5732805930
562574530625
562964132587
7500000000
7206812116
691892121628
681881621505
681855921284
6614412409
662070423741
661998823559
651905222664
642399326304
641981223218
641978123320
641832921868
632218224279
632200124559
622252924552
622530027593
622370525702
621756121080
622742030603
6800000000
662277825308
662339026012
6513223721
652285124923
642341725414
642265725221
6426254409
632348125379
622340626075
622736728888
612286325515
6127004423
612345725356
602497227740
6025137175
6027985478
602363726158
582319825847
5826265315
7600000000
761946322464
741777820909
7229007472
70768611113
702190324897
672160124507
661626718900
65819311323
652145924272
652318125574
641967022912
632371425422
633709638629
622305625486
62890011522
622041223515
622395826795
611924122216
60976513188
7700000000
71872912128
70891712385
692055424183
682017223384
6821307311
671998323316
67873712412
65999313544
642142325418
622124324184
622363126418
622147124599
622365226489
611042113950
602029724573
601115515113
601034214147
591456317898
592353426256
6800000000
6704941891
661900122222
641894721780
631879421902
6313562575
621635320374
621749121313
612680730791
611880721845
601976122107
601818922067
6020204134
6024786440
591843721297
582956333123
58836510182
5832305135
572769531431
562679531064
6900000000
672200325565
662243626215
642340925797
632276426014
632202225842
622318725623
622333426796
6122353757
6017967073
602267924852
602338025710
601241915634
602101924300
591351616639
581180414384
572161523871
572268925639
562092323698
562283526007
6500000000
632038624017
632028322065
622040822501
621695419372
622061422365
621959822586
621805820593
611865720900
612090722438
611733821446
612015923102
612124623178
602068422587
602052122070
602109223603
591915522588
592071522141
582086022388
572062622867
7800000000
7613462996
721815220362
692487826987
6929916178
691686619270
691976622157
6922333292
6817043308
682431526553
6715202742
671804420186
673783441104
672823129641
671964921637
662585628966
662510127033
661915121159
661813020478
652263324465
6900000000
6613563507
641920122850
6420486567
631850921893
6318794229
6315832024
6220313984
6219036310
612749729163
6116316955
611843821615
602411526278
602062923313
602406926299
5934437813
5831205120
5823533990
5718693444
5733275901
6700000000
6511191919
6447076620
6319983894
6242205916
6129668142
6122497336
5930985369
592558528799
582307625331
5826357534
5847997294
572343725395
571942422933
572321025487
5730436326
5629437787
562574028770
5632134217
5522486832
7100000000
7010592133
662296825625
661688020244
652053224926
641685120256
631681220320
621755121034
622398626574
6144177625
611673620130
611659919488
601443217958
602336125960
592483728565
582713031163
582529528632
5818324285
561393517187
561755720895
6700000000
6519963892
631648619248
632650929872
631786219855
622745430692
621801320613
622758630841
6231786855
621834720487
6020593512
602632629673
601642119190
592631929731
591662619277
591619618830
591949321606
591667719274
583416237224
571716019765
7000000000
691728320490
6818326987
671736920632
6610281549
651718220476
6415332529
641483618593
6219453682
6207282074
6115987077
611606618650
601646920079
6026083991
5916183275
582444926749
5719033363
572518828014
572461326880
5620086112
7100000000
701744320995
691718720805
681650020173
661658320093
651668320042
621723120693
622886631710
612883331674
612341226735
6036095893
6018856585
592693828668
581838522128
582654128940
572769929180
5734455885
572679529142
572342526680
572329827180
7500000000
751700522095
741694422047
711815821335
691883922583
681573419212
6814461797
6716796925
661834821222
651672320231
6526527682
6523227692
6509973571
642262225373
632238826600
6326327509
621572319599
621828620788
6123133541
602441426204
7000000000
681833821683
681867821382
6811772438
661831721912
6614242979
6422357588
6411373105
6319393709
631842521382
6221817135
612243425131
6020146768
602282624726
602496227001
592240925068
592187625541
592442427147
592307326078
582170324921
7300000000
7322426380
721644220368
691625520069
691731920731
6709153443
661731621122
651793221151
651891221753
641790521120
64872711806
64876612274
6422976185
621780321547
61869612324
61862612236
591462217488
59890811682
59922012340
59984013434
